880879381715801850
1726760884372734954
4258223208824758363
2933576904639372249
1619482046725515514
8295202924942681088
6220178296303381513
6524421527956593628
1279641774440027009
7094737511858396355
7842193693029557975
2392680491109428476
3866198558357324097
1395931845597272999
2411645404100907887
3005318628866213391
1188136200599286222
679805008651456991
2317393341493435360
4066160913880139597
880879381715801850
1726760884372734954
4258223208824758363
2933576904639372249
1619482046725515514
8295202924942681088
6220178296303381513
6524421527956593628
1279641774440027009
7094737511858396355
7842193693029557975
2392680491109428476
3866198558357324097
1395931845597272999
2411645404100907887
3005318628866213391
1188136200599286222
679805008651456991
2317393341493435360
4066160913880139597
880879381715801850
1726760884372734954
4258223208824758363
2933576904639372249
1619482046725515514
8295202924942681088
6220178296303381513
6524421527956593628
1279641774440027009
7094737511858396355
7842193693029557975
2392680491109428476
3866198558357324097
1395931845597272999
2411645404100907887
3005318628866213391
1188136200599286222
679805008651456991
2317393341493435360
4066160913880139597
880879381715801850
1726760884372734954
4258223208824758363
2933576904639372249
1619482046725515514
8295202924942681088
6220178296303381513
6524421527956593628
1279641774440027009
7094737511858396355
7842193693029557975
2392680491109428476
3866198558357324097
1395931845597272999
2411645404100907887
3005318628866213391
1188136200599286222
679805008651456991
2317393341493435360
4066160913880139597
880879381715801850
1726760884372734954
4258223208824758363
2933576904639372249
1619482046725515514
8295202924942681088
6220178296303381513
6524421527956593628
1279641774440027009
7094737511858396355
7842193693029557975
2392680491109428476
3866198558357324097
1395931845597272999
2411645404100907887
3005318628866213391
1188136200599286222
679805008651456991
2317393341493435360
4066160913880139597
880879381715801850
1726760884372734954
4258223208824758363
2933576904639372249
1619482046725515514
8295202924942681088
6220178296303381513
6524421527956593628
1279641774440027009
7094737511858396355
7842193693029557975
2392680491109428476
3866198558357324097
1395931845597272999
2411645404100907887
3005318628866213391
1188136200599286222
679805008651456991
2317393341493435360
4066160913880139597
880879381715801850
1726760884372734954
4258223208824758363
2933576904639372249
1619482046725515514
8295202924942681088
6220178296303381513
6524421527956593628
1279641774440027009
7094737511858396355
7842193693029557975
2392680491109428476
3866198558357324097
1395931845597272999
2411645404100907887
3005318628866213391
1188136200599286222
679805008651456991
2317393341493435360
4066160913880139597
880879381715801850
1726760884372734954
4258223208824758363
2933576904639372249
1619482046725515514
8295202924942681088
6220178296303381513
6524421527956593628
1279641774440027009
7094737511858396355
7842193693029557975
2392680491109428476
3866198558357324097
1395931845597272999
2411645404100907887
3005318628866213391
1188136200599286222
679805008651456991
2317393341493435360
4066160913880139597
880879381715801850
1726760884372734954
4258223208824758363
2933576904639372249
1619482046725515514
8295202924942681088
6220178296303381513
6524421527956593628
1279641774440027009
7094737511858396355
7842193693029557975
2392680491109428476
3866198558357324097
1395931845597272999
2411645404100907887
3005318628866213391
1188136200599286222
679805008651456991
2317393341493435360
4066160913880139597
880879381715801850
1726760884372734954
4258223208824758363
2933576904639372249
1619482046725515514
8295202924942681088
6220178296303381513
6524421527956593628
1279641774440027009
7094737511858396355
7842193693029557975
2392680491109428476
3866198558357324097
1395931845597272999
2411645404100907887
3005318628866213391
1188136200599286222
679805008651456991
2317393341493435360
4066160913880139597
880879381715801850
1726760884372734954
4258223208824758363
2933576904639372249
1619482046725515514
8295202924942681088
6220178296303381513
6524421527956593628
1279641774440027009
7094737511858396355
7842193693029557975
2392680491109428476
3866198558357324097
1395931845597272999
2411645404100907887
3005318628866213391
1188136200599286222
679805008651456991
2317393341493435360
4066160913880139597
880879381715801850
1726760884372734954
4258223208824758363
2933576904639372249
1619482046725515514
8295202924942681088
6220178296303381513
6524421527956593628
1279641774440027009
7094737511858396355
7842193693029557975
2392680491109428476
3866198558357324097
1395931845597272999
2411645404100907887
3005318628866213391
1188136200599286222
679805008651456991
2317393341493435360
4066160913880139597
880879381715801850
1726760884372734954
4258223208824758363
2933576904639372249
1619482046725515514
8295202924942681088
6220178296303381513
6524421527956593628
1279641774440027009
7094737511858396355
7842193693029557975
2392680491109428476
3866198558357324097
1395931845597272999
2411645404100907887
3005318628866213391
1188136200599286222
679805008651456991
2317393341493435360
4066160913880139597
880879381715801850
1726760884372734954
4258223208824758363
2933576904639372249
1619482046725515514
8295202924942681088
6220178296303381513
6524421527956593628
1279641774440027009
7094737511858396355
7842193693029557975
2392680491109428476
3866198558357324097
1395931845597272999
2411645404100907887
3005318628866213391
1188136200599286222
679805008651456991
2317393341493435360
4066160913880139597
880879381715801850
1726760884372734954
4258223208824758363
2933576904639372249
1619482046725515514
8295202924942681088
6220178296303381513
6524421527956593628
1279641774440027009
7094737511858396355
7842193693029557975
2392680491109428476
3866198558357324097
1395931845597272999
2411645404100907887
3005318628866213391
1188136200599286222
679805008651456991
2317393341493435360
4066160913880139597
