880879381715801850
1726760884372734954
4258223208824758363
2933576904639372249
1619482046725515514
8295202924942681088
6220178296303381513
6524421527956593628
1279641774440027009
7094737511858396355
7842193693029557975
2392680491109428476
3866198558357324097
1395931845597272999
2411645404100907887
3005318628866213391
1188136200599286222
679805008651456991
2317393341493435360
4066160913880139597
7584476204436865402
2765986266126801683
1245205721442045905
2161808154937950825
8239593692986775203
2284277258169696329
2440163239998970881
4360914781284868792
3630507381476877187
8803386724306231915
529416144729368175
3302916424407910745
7270368722021683965
787977187255625337
8673779154507073718
2907446571418917920
7769491283369387324
122077049887370444
2587391191269711529
5112413900561284087
8909426792926036062
5467837947904757478
4323965874383714557
4014707725544663938
7923196244295401981
4396924318845862625
8227237384670574107
3151921114294514948
8326381495796212454
2023882813118053516
4147193246553292593
2044415532737913891
2611022133476534924
8036839688833032857
8267778711096569100
8012970576373185931
4333162774557503791
6684107978673260553
5533786115979160249
2159221944099802802
7771862992547174936
5922645555022229460
2176879634217948794
5077380910847103461
918820051915654654
7937091323527244276
7420433426593050270
1316503054109710340
5089406937748441115
6518512397515596896
2613774745543636911
8892203501256106077
7152306132091978418
1085336730471938234
7180686553944535862
8067774778066009292
5415241820693545611
8347618600200452282
8314260696208637498
6231928643181144428
6726036384798479501
7850228651115550894
1435315546960868936
7910028235613076763
3648578845013148747
4360616670248410551
1967146709294496626
5544519997493579024
8457728813143501131
6376101120045082080
7909214542224020798
3842674347991993996
1796160489603231124
6225431315032175363
6988013564169465681
7289755218735189402
1223023882101116390
1872217177666212782
649294613152767581
1060518134331528449
2730769366622846191
8122135727775352591
6408208360066876943
7352277596418142374
5117226961052674361
4588890379691784188
6459015322564901664
7837221478937801090
3827705389464461497
3406450873903873254
6620002322455467055
6739882615604243062
4018421906208245931
5375588602576824032
6418971901351527182
6995636730645982927
8341824957984577980
257079357768246090
8457442689693583145
9214454362203808878
9171226480073045500
2124060430823971808
7216859551928059389
9095234008697279652
1059637217287277730
3810914654779374324
7719565551173098335
2534101954754249655
6540218314516795143
672300978698827014
1962829301431012585
2542084654357450284
3531229301267406905
8378617453138610642
8031027381734740768
1047251156505272932
2005958320967276369
5464963834076408523
6442468486730396666
109273328195569226
7733824596599250956
2602023164120103366
6497545248555003136
3077512918265429185
1389620245507613723
6268070555262570014
8200227211161936724
5092823813517778092
3496617180234168736
3769731101031302901
954833679586002047
4888763064846781428
7880114847791884481
4749088980535929788
5695027039419419313
7943174764500911877
8174067479055935690
3865113870885019202
6528186132392981334
8404698173446956840
8187700012616239606
3318928503242620903
7085711400601047923
7058044015908501284
7563606281499741513
600843353781091780
4787407419864783783
6420692450223060829
4464970138728589638
909264836922789002
2733823090465244602
5383601446991952018
9091560379711555457
4710728677739279027
4205491525364899648
2432077068211482329
455299189084130779
3678243986514860643
5423640104124516285
2139371798559233283
5176142403063481525
5521752401712519901
655434421111985216
3679144574564880150
1249626377873384283
4340170923265994906
876753517217412240
3458463631975602722
1427997768316631599
7263551798212745421
2030651451302478596
3456042319539643762
5736649696925697504
2379736502422819557
8026702388207288361
4631659366466985036
8270224062132954600
8552376342900113499
152947123140046072
706081363747507326
1856359794873058189
313907204023053757
5896113309828612422
4103351277490823155
5613369260043255298
6992537685670534183
1679151552138361553
2037332026959816873
3953736462020674701
6624242745127537924
2589152742943864254
2079189932265565706
5873142904309593133
7301964270604554857
4988174340014284201
624077454437708897
1099364587185578020
5803252861480671798
4079614979721967264
3859614828665862824
1296665181736411713
8042505502727046590
5766912149520929452
4131800998260826138
8074791954104090753
4796725239296749199
3511624105683441532
3181658926387446050
8973607959356784207
6436531588695403043
2329243079975484041
8169382254816512636
6492116527351215135
2141391691694383916
2633207760111996412
4509562312192035987
8706614259613481763
7170219927765804742
5326688317276302138
9066226433941452459
4715845269579204679
8030067925643895143
4814222517027440030
2985930558814992716
5755737505412411115
8891555551451229278
939644851175687749
2298612814177645353
9202480864707460381
813325169670315887
7985692780489776509
5199822850747112348
457715172785568006
2769455377136720185
6518727368059572521
3723774642118381276
4405906482560428757
7949410287905318513
5802491739971907610
4326207713775288983
3180785407387078187
7322489242243178396
4821370597557346852
7305083383475389634
3472834359385720331
5203547491986175012
6766523891884530524
7883397171013672352
8623593940741204403
8541844554487635301
6221917830304344647
8488654481942791341
938172078669506636
2962987435553799822
504657540667120685
6570797443270219817
8429449281105702028
1311365982928013864
2664213340178551584
7472926988234010988
2151359302443567117
4867153265890549193
114805942331177489
4367438503205172825
2814525721808531195
1565768577495918403
5308588981403769228
4187905949259289504
4567987904512003381
1565881115335792582
5545316277026782704
840219462167799959
3941061044718605196
6624562759254639564
9088859308973544547
6645871984355682038
8175437573352040525
5130905997082700919
7477738401410001484
7033616355929056616
922208844237524498
7768124162366835046
4559380390571441480
6393191780575991499
7805230771688118012
1639100393963052597
349844051253048601
1553620311848477527
1213286847067354892
5287372879486051745
5249648476825550687
4188679389061845219
7818976523469220854
4278164578510082904
1853738406702715889
1295488389544427008
624500816032626063
7492019739295940
6594857058348605476
4813875763847496873
2390922521825841269
101710871646413039
9083439969454915906
2248949202350760288
2372494616336579528
5617975999539715749
4264541438430570086
5021766839772630604
7992132141797357503
8950338652763572614
6762208406181912590
1150955883229694880
2874219775185638845
6127809504895660051
8533785014506584125
4438428711338760446
6908054213168585107
2857523092265440165
2951810841499329400
8793527938888835035
783840407364317466
1402755388153681568
5461290070803985105
1394994547989404794
83998976389199083
5395660945651533544
6876253408710295943
6676445639835101630
8183424657516646376
3397970943769485360
894664887883132753
5080299612149205872
7570445732587557918
8876818416026276331
8453005257188707547
3335629540643272188
6896542541502137608
3383112976271184540
2384949610798576382
2660774568796395465
6267823575779454075
9045482276318448685
7640947689353538269
4211582704647802797
8747425813563319848
4338773500076769398
4356508563628700091
6877405979976606005
5868869627139952278
7417904933795255462
7469267707455079984
8287352007846521394
298795903994728547
7598044594105395359
8131714127209000737
1765846582377933533
795746199340659110
4768948427716844422
8880717718159233630
901827973745846548
7471383811862040700
8307667029067960486
2554314043451572265
3394789624736400936
3486044118014063794
2397362527727213174
7446856494738467477
529036900746941573
505282623227912127
1640611658997101524
2893353826965333954
1714391496714262807
4683492974190411033
6990245782476515167
3534672929422151847
1524059236969516524
4273631015814166425
3878079545687087455
4333678497737036614
7132308129641337542
7168742327385099074
3773141408812500531
4067163938419579369
5534831092189935574
1676739014518713395
6998397442983336532
692639913945215944
8188393601339644464
7795766337486466108
3977284431260492611
9133260467871541374
1027962845161364236
3241983928034194293
4232995529407187061
6011453218807672621
1677484459867257900
8784737427033094108
8441743260613899329
1779779101593573564
1263543515539325400
5479574333801534757
6777813312254223296
8919379876418918780
6168649148693544912
4370052651370317379
3836747910776505430
6281706801705565939
5783223011985677264
3904557258878379211
1442647457203415722
3783048884778980317
6162647800028724034
5321117821691863378
2524101370678377068
152212654527029341
3141102148869664256
7140086408323914651
7698849271589091750
9178297051851088194
7465009972947951675
1495817531087252349
6669426913450438903
1712541570101106479
5256783602957891944
731416624744388939
2715332162144191621
4083709235150608765
276394912485625309
2719708951317759094
3937368162881273418
1713310939895211395
3249809200060569154
3774783146999763160
305186685554066185
3534631590996052699
7135017812195477506
5225463471890781788
2580645634822931826
6006103778547378018
7578092911982766113
9029403597640213401
3659488014110185266
6757408280040359140
2087172491756088142
714559727753959233
2074821027240395402
7697298718534566044
5799001432982984150
6312394965163082380
9155816834691361110
7437765326167199631
3536930580857642182
8126768874659993232
2937912380677253224
719306340609568585
2689132880971764366
1540062254056442088
1123584536899669323
8681504965912492064
276247003132643271
1533325827626169702
539437020211523155
1111324346890070904
5807585998857522046
2965974115254832068
1993458945624758347
2411497072106074250
2964240555797153033
3137155694048692107
1302057164789536104
4060604430461424114
8314618616503444665
6575341003983279421
911279862672422076
6318667250295885068
4313670011412374925
18039190981377393
1023945132677295531
3299759527760747664
4373943270687627249
5763405613914007106
3889745244931453638
6050096894833580706
5741451703501567705
7450112249223349618
6011431000324692302
2827809483899797141
1087977712709077387
1227185104333767548
5805118442175320948
1739580838612176726
6204841366759238745
309338157100876610
983795765197535962
6740873165350746182
4770044477860752251
920098089423248594
1669738455685333672
8514513098262614428
9050342733991884296
487301348903728094
4387352989573525684
1282252793048334004
8077681346583603163
5936787358142149553
3275251688458343104
8887486460361064838
8814722705038283550
1839897351906511874
6865179940940157894
7807111453132080917
4900996867603002373
6716850630412008914
8369096196190014019
7196569187063373683
1598394274126186932
2453815093186337205
7982150676267240156
932124655930051410
5945167649651713228
5920607920972817336
4777471707166570348
2630937740737282596
8243049635682621300
8535774053816436550
1113457150081371828
2913478127048314290
7910275337972161723
6763124320703233707
2798799285076644254
1896433448471139758
2534666789091907180
6337802723260537056
3268756928064071713
5137699100943506249
6857313124754169345
2151888905355223083
8645266245533576009
5588012434175262519
5591893295477063250
970932226029365442
8910285106176029359
8108299892182796049
1221625574212487980
9074106545920612077
7513462127650776910
7431148497543239
1916424791036798422
944124771517525708
8889606397611801486
6443114945717048224
2259601733866530284
4112403880055844961
9028704205057603230
5686606026692511133
829531388757338651
2350301842186855050
6745342842688231816
3749917642320122235
632095184110544092
8733082046001130486
5355002180076413684
94333019356615601
3049648319156430469
7915114714579713042
2041060604976736082
6064356382064319957
2963250208222147903
4841094941125352825
7483396293001962310
2850962858467493474
5724560616405254892
8012500966612224630
6309126713189416261
2817579504091261633
6488461027206612752
6765002954029350176
49581216905522695
2017485230060325732
623286808129141898
8099791214547862198
1963115181965940529
4817517816964538841
1423070370769556102
5528956037947874947
7931066135710430727
2835980676443132103
472492697948427178
5866685249927864507
6589110456736234024
2088002164322602851
4730762327367449806
8021471938130846464
1411629627608514272
23936463749740445
1465242427143247481
3606085308640712022
2417368727829291987
6097884037497358612
8330335526379546317
6429996079321412460
1626763909846434203
9103771334018769130
5192547427198633554
3205845627993222523
4467441493820549337
7616848944927628814
1400310827538290264
4929225179971216040
8836401016852917573
8514836089536843905
2438701975264516057
560407510736008332
5334910358058326700
233593917956950188
1678353536993667149
8731188100926145002
7346484091145971917
2398915722461185883
293267500419894717
8091083229432250692
694221893882671105
5689193471355006713
2105887568356970971
3245185593728505635
4089845235223214883
1145336029688669193
8586579641315625933
8483649005192859657
5012536942259902959
1736109506461486990
8082448416444538846
4096483643094166117
2839430511644276690
3483221170408700910
4845212411583158639
3476233557434907872
7364588507606957421
6537241375024200262
7750685664704904188
4819710916715180985
1873205596113860945
1249576872644079453
1965988219754270020
3028003041219576854
847754179333702946
5862312796385899683
5368812870596473348
2559962908902434802
7719633230171081774
2532854765550504256
7979959262966011933
7319005014845437982
2556829753831451030
400485847747340103
4620634083125799037
4556324613229336995
3018232292145211450
1936402457898141699
8559780117229052635
5621101028688692008
7290867619717006987
5952010378041530462
6287725785533297775
2651996608404084086
1014555417220493258
4933563594791391439
3526222427541749799
8682201651509510260
5990656657276409049
3494174830172975703
6110306858502579671
6480157313469290603
4332429674281133878
6988118010347122000
4535421828572908129
2595708426532772077
7446570162527963887
5015568869942180444
3449896503561439278
253695704677112267
3253966743163459408
7181333021459946137
5983936065685360672
1063265271563054939
1257347363766912822
5031463086553471605
1819698235596153557
1562311488759188791
3767530902284711228
5393810273423544053
7701195404317353478
7661046921791621459
4866158981448490815
142293043910788623
6715554244116085852
279592638476828096
3740838933564734343
4006790606458281526
7558341556662881100
1825201714394516223
2253585441881177081
8044131786938559402
3807582461597541183
6091244032169912366
2820986185991176948
125639908803749919
6126559047184750075
8200069717560368882
9201743947831836696
6081968247993990554
3989471349269265730
6884057506494432619
5756981966357708046
1588999093420054194
1339025342541349477
7252797820320260907
6685963031557094114
6400037677439502929
6856420277232770620
52333639716037119
2983689972297854153
4866645540336160424
7770338177865111450
194856721798109191
3044267414956498755
8606714983836667785
5886003015898132582
4465121279391640205
203032853834841669
377929186551040392
7785952646833588771
5039713167074086394
2857396707194090394
2634796173543332628
4653517767316298610
263224532867480573
4057012503045233313
182492797796397855
3463445220837890588
6476165389709002202
6041159619210809205
7245861418284124547
681424449346509006
8169165044380510513
1955238595566390311
3721944004647047686
8253842436904643207
3984014899530038277
2386372297378009364
5615502611956624269
2187010414698368816
3544674541407239126
1373910040565213492
9179725921319339958
7471997900867725660
8461010214413133795
1212261873907057686
6363138903228860417
8689769358791254379
1871133216427560772
5166902800126868595
7775883195312413023
2186443020772463727
7595929310707628799
465186277047406893
5792841456258294648
1185945353021226399
564462457287331383
315979058324283720
6103583150580271931
6875675775634588107
3233278281829619426
7916343977261846713
6324301243570216612
700433675978877778
2444425879148840246
3320157723808033422
1980354990052152628
3192912130581437873
1619023740416707745
2919730262609066909
1822201789956413598
6621640053281972874
4353985967008346085
3421585362295917809
8188955079814732953
3473373521478751913
4947474279890026271
3662197907198659060
1719134293912408659
4575296736838106354
2305353660062593922
4827481014023401669
8345872420674027505
8193834241815416778
2891334072210526770
951277993973461108
5483910231296640842
4656674358365095139
9171055827036490685
2017098165354794808
1859745447411860209
3383593971239506415
1836428927518569745
6659606838304676479
8506234384119660972
497409711299107499
7029484728716437946
2508194055442254180
565664288854907003
2650418222545329420
4816725346192900008
6714481898040297749
7354736058090158962
3606759664791778938
2592120355613440873
555399352742273325
6425716336700189657
6522175989136832325
5616127075540514965
1920754701738082598
5658192811052999550
4447868532336809078
7982634860610583781
2576197650307120320
5869523904793268689
1504318321113320761
1128167574593428519
3299462647173454126
4121088662201624949
5572426398748591579
5081157774451036897
7791529894407590215
1963095002338794294
4337648267633960968
3632369344254480629
850383719921254153
8891107072273244939
780832239094477627
9019084539939066261
6306602159214584847
5127361385894230366
5459822158685824469
2889159222055809674
4205273330420356560
9006033522973098079
5697952173889081632
5739292939831700190
348286360154025251
4170520226318836525
8612614849485481924
5146376133425437082
3578917970839502461
6136812623709461131
2962025351839255510
9125523388095271841
8320401803155150080
7984125949749075401
6375522041778505184
2986017123148603080
2002887720484545715
6157813520552753410
3190503896239856147
4487051911030308385
1760271362056752614
2010920775474216987
5097254111522934071
8089131188047996595
4926666993940262271
7375403920128683652
1370607006839005155
7538111136816686873
4040281034330689010
2108352348594543506
704870769304598616
6015683779688921894
2518588466415464414
2745147414751727125
1817396853762284672
420506820811832652
6367641123874710251
3582614007583469687
243254028307375101
6406363997401603873
5874290166591064920
3099958542185802722
1850096688742715362
382238091772585656
2966752712545404541
3279742089059844482
3342499895447292401
7201853001202802595
4431395099880261675
834540527349872834
2499566134764607168
4852476333986020810
7607437112222767568
3998834169827545913
4337263043040523692
5985772062216374185
8287791938570704559
5462324281429717311
3970985354971001010
4155950293186263974
3568001468786419498
8307655676186980003
8801648441482462086
1384841017256717626
5508327465132581584
6292580344147151611
9222606108626310078
6953911272630166471
2147629245621669558
3960865020736897006
4190405371036398238
8905270129920919187
430533196534209198
7028736776582684284
6362860397657837087
5560961876903248301
7747341914823198070
4565082836519041238
3264107269693841694
8956080594434617684
7336415172855951763
1137813087650757719
1532035490485963523
5897991860362421357
8407826972511537623
7273172104059802226
5057903619556958711
2383677542736075767
8951315485327047571
2748742720893256287
6485362759761185464
2382008178744212844
2018819354962361130
584500131485307663
6153519871019481276
8854169452166983830
5986608511984742854
8972060388063984967
2368550975477982240
104512561183336010
5623734793677310997
2633647917094362191
236234794303809213
51747743962267303
4933039752085588699
2605343601379693616
1021793925922140655
684200914070168897
7268633632490126560
4734582734110932110
4092439962102614836
93053667371681759
1239355657430145789
6174209078998111717
5030878548703016019
5267041665658803369
3012522555028910237
8685493570610591988
5698444129204971871
2346825928426114529
7659587028418922548
3957771132551523220
6695338656931421244
2517831825089887642
8758114888080076237
1675348579053611521
7945377799330202942
4259395847311796212
5531861495338633906
3268926290950511159
4507118609085646331
376087299164152046
9219134179762628705
5228986532865316302
6491000097411026430
930220674157436016
6099200711142312240
5695963857229832846
1367387049427259020
6610088067291701953
4160675789280853519
8519603133783916041
4690479950563460538
2726815207091005267
6783816344532418361
782855805474498792
6332370984441989652
2462484671390624898
2484714488742649504
1126527023458564057
3411957722574086542
1958233288899749227
5106522219606628854
2925521192863291114
6198618647011132450
5758950241649875212
3578419198723036344
6733259041300647227
4969147179957706447
7381030801706964540
8366986150780269341
8705654969752590683
6004578353404548101
7394005121203829018
5168465971018363649
3258365815392304262
2828796064268597563
3744357630480389791
6248302264996271782
5967100161822003991
116084764346476098
5308656588413517214
1696777659038401172
3864196351693893275
6931049576999897484
1289962726120101444
5098306621500277249
2851546249549945656
8081687475904499240
6759548781229104377
421506539045715887
551044861037360588
6065413462745327955
7887769177075498544
4813717999462637264
5808356500666238015
1080167129628307299
7727094494183865309
9138940486599012769
4652865078555045168
7567180242160077720
471527860388555235
154843715861595731
4768329811918857129
5371919117560367212
3883320511879084363
4897430371129215500
1854519664691099371
4110500477441540430
9207860589868682727
2705893062395444635
4291983158517256212
798176440407322678
1484280172344929332
5982012942270137368
4015490505894754038
315054283412890761
900257315874610969
4811945878166433806
5779616582656474169
220365155770158561
2335966893862271428
2268548249528838616
4285388831111545034
7685852588794708683
4673251801586927748
636096120872653708
111328670933343943
1198655558164639385
5292739949583588363
1445541587522870923
925680558577954884
1503281064883046471
161120852060277087
1983098298672674877
8941523066685542306
2183565199490152766
3419520445068563107
7692134445850825219
7714387778499224634
555858737356473370
5692153937894976052
8642021537610145686
8533287634515682151
6972154237094222289
